8630
4317
6779
5722
9006
6582
8322
871
9076
1397
3290
5523
5296
5745
3562
7634
1641
1073
6401
2300
7044
655
401
5826
1283
4894
3128
3310
8082
1095
5480
989
7623
8976
5327
2272
4408
7178
7133
72
7715
6016
2157
2926
8589
8514
8224
4895
6333
5364
1090
8756
2374
9400
6392
6330
6517
3901
4417
1140
4437
2307
1574
2033
8493
3130
2819
8044
6621
5846
336
3989
6112
4749
1194
5697
8126
6973
6238
6619
482
9313
64
5097
6701
6490
4921
3846
8112
1898
1048
7901
4327
901
718
5979
4144
7022
9762
3554
8053
1993
2545
72
5708
4576
3562
2270
302
5293
4085
2505
1218
2039
3873
8159
2443
4624
8429
3984
9383
3882
3934
7478
7504
6346
8431
4878
3283
2738
3599
3112
7133
4757
9800
7533
3971
4192
4835
1759
2018
3948
616
9406
3192
4908
7149
775
2588
2514
3146
8773
9794
4961
9226
5148
2089
3935
1944
4953
4360
2446
9698
5548
5050
7393
8671
3567
7368
7869
9060
2566
9570
4248
312
1203
7890
639
8211
8234
5951
5706
4655
280
8950
4781
2610
2619
6970
9638
177
6376
1720
4363
8462
7050
4674
6536
57
9975
